6 0.1066 0.5946 0.1106 0.5932000000000001 0.1234 0.593 0.127 0.5916 0.1272 0.5836 0.1282 0.5796 0.127 0.5758 0.123 0.5722 0.1152 0.5718 0.11120000000000001 0.5708 0.1014 0.5730000000000001 0.0996 0.576 0.09759999999999999 0.577 0.0958 0.5791999999999999 0.092 0.5772 0.0589184 0.5902537999999999 0.059667000000000005 0.6098220000000001 0.0710016 0.6115328 0.0958 0.5916 0.1066 0.5946
6 0.9476000000000001 0.806 0.9522 0.8066000000000001 0.9628 0.8029999999999999 0.9656 0.8038000000000001 0.967 0.8051999999999999 0.9705999999999999 0.8039999999999999 0.9705999999999999 0.7984 0.9750452 0.7962542 0.9799302000000001 0.7884382 0.9708 0.7856 0.9663999999999999 0.7847999999999999 0.96 0.7886 0.9551999999999999 0.7896 0.951 0.7922 0.9452 0.794 0.9444000000000001 0.7948000000000001 0.9448000000000001 0.7982 0.9464 0.8009999999999999 0.9476000000000001 0.806
3 0.9143202 0.9651588 0.9154785999999999 0.9701354 0.9167656 0.9751548 0.9171088 0.9785012 0.9178381999999999 0.9813326 0.9180476000000001 0.9843384000000001 0.9196351999999999 0.9881854000000001 0.9200016 0.9914218 0.9217724 0.9980164 0.9238357953125 0.9971567609375 0.9249822312499999 0.9977453125 0.9248253999999999 0.9972226 0.9243370000000001 0.996673 0.9237264 0.9967342 0.9241538 0.9963067999999999 0.9236042 0.9944138 0.9226272 0.9902004 0.9215282 0.9843384000000001 0.9199404 0.9795756000000001 0.9189634 0.9747515999999999 0.917437 0.9693782000000001 0.9161545999999999 0.9644322000000001 0.9158492 0.9636994 0.9149944 0.9611348 0.914506 0.9547842 0.9101094 0.9392744000000001 0.9078849999999999 0.9406618 0.9117462 0.9567500000000001 0.9119605999999999 0.9577796 0.9120893999999999 0.9585089999999999 0.9124753999999999 0.9597102 0.9132047999999999 0.9609972000000001 0.9136768 0.9644294 0.913977 0.9647298 0.9143202 0.9651588
3 0.903081 0.905954 0.8998630000000001 0.905954 0.8998630000000001 0.931866 0.903081 0.931866 0.903081 0.905954
3 0.8982749999999999 0.8918826 0.8932126 0.8679864 0.8917968000000001 0.8691447999999999 0.8913249999999999 0.869917 0.8963444 0.8926978 0.8982749999999999 0.8918826
3 0.8849756 0.8324210000000001 0.8824444 0.8312626 0.8877642 0.8554162 0.8901237999999999 0.8543438 0.8849756 0.8324210000000001
3 0.8755036 0.7903536 0.8736124000000001 0.7924872 0.8801588 0.8193512000000001 0.8821467999999999 0.8183811999999999 0.8755036 0.7903536
3 0.8666297999999999 0.7519972 0.8643506000000001 0.7553916 0.870703 0.7798794 0.8732246 0.780025 0.8666297999999999 0.7519972
3 0.861543 0.7417592 0.8638956 0.7416248000000001 0.8559637999999999 0.7014952 0.853275 0.7018312 0.861543 0.7417592
3 0.8516612 0.6805836000000001 0.8484932000000001 0.6815154 0.8544566 0.7070466 0.8571588 0.7063012 0.8516612 0.6805836000000001
3 0.8444864000000001 0.644989 0.841691 0.646014 0.8456046 0.667818 0.848959 0.6666065999999999 0.8444864000000001 0.644989
3 0.8335844 0.597747 0.8309754 0.59989 0.8373115999999999 0.6295212 0.8403866000000001 0.6284962000000001 0.8335844 0.597747
3 0.8282731999999999 0.588988 0.8303231999999999 0.5859132 0.8262231999999999 0.5649478 0.8222166 0.5652272 0.8282731999999999 0.588988
6 0.9091142 0.5890496 0.9109046 0.5971592 0.9052174000000001 0.5985282 0.9053228000000001 0.6012666 0.9322844 0.5926304 0.9427110000000001 0.5818878 0.9302834000000001 0.5784124 0.9035322000000001 0.5863112 0.9029004 0.5886281999999999 0.9091142 0.5890496
3 0.8203302000000001 0.5529252 0.8229632 0.5514506 0.8178025999999999 0.5274378 0.8147484 0.5279644 0.8203302000000001 0.5529252
3 0.8086398000000001 0.4885752 0.8065334 0.49089219999999995 0.8113782 0.5159582 0.8142218 0.5153262 0.8086398000000001 0.4885752
3 0.803058 0.47372519999999996 0.8066388 0.47635820000000006 0.8007408 0.4527666 0.7966333999999999 0.45318800000000004 0.803058 0.47372519999999996
3 0.7794664 0.38146559999999996 0.7864174 0.4034774 0.7903142 0.41895920000000003 0.7927366 0.4273848 0.7956856 0.440655 0.7983186 0.44423579999999996 0.7960016000000001 0.4256996 0.7828366 0.38030719999999996 0.7794664 0.38146559999999996
3 0.7711462 0.3459732 0.7734632 0.3540828 0.777676 0.36977519999999997 0.780625 0.3718816 0.7784131999999999 0.3581902 0.7742004 0.347553 0.7711462 0.3459732
3 0.760509 0.2807806 0.757876 0.2674052 0.7541898 0.2518178 0.7517676 0.235704 0.7487132 0.2278052 0.745027 0.2273838 0.748608 0.23528280000000001 0.7501878 0.241602 0.7520834 0.2544508 0.755243 0.27024879999999996 0.7582972 0.283203 0.7599824 0.29489339999999997 0.7636686 0.30869019999999997 0.7664068 0.3214338 0.7668282 0.3275424 0.7689345999999999 0.32764760000000004 0.7690398 0.3166944 0.7656696000000001 0.3063732 0.760509 0.2807806
3 0.7388132 0.16672 0.7339686000000001 0.1499744 0.7312301999999999 0.1514488 0.734074 0.160085 0.736391 0.1691424 0.7372334 0.17862119999999998 0.7393398 0.1905222 0.7410249999999999 0.1977892 0.7416568 0.20221260000000002 0.7440792 0.21358700000000003 0.7461856 0.21211259999999998 0.7439739999999999 0.196736 0.7414462 0.1857828 0.7388132 0.16672
3 0.72786 0.1304904 0.7279654 0.1375468 0.7312301999999999 0.137652 0.730809 0.1352296 0.7301772 0.127436 0.7282814 0.1191158 0.7257538 0.11100620000000001 0.7240686000000001 0.11395519999999999 0.7253324 0.1198532 0.7274388 0.1264882 0.72786 0.1304904
3 0.721225 0.09362859999999999 0.7213304 0.0999478 0.7220676 0.1050032 0.724174 0.1041606 0.7245952 0.1000532 0.7231208 0.0875202 0.7203824 0.0757244 0.7177494 0.0753032 0.7179599999999999 0.0799372 0.7208038 0.08804680000000001 0.721225 0.09362859999999999
3 0.7137474 0.054555200000000005 0.7150112 0.0616116 0.7176442 0.061085 0.7134313999999999 0.038862799999999996 0.7104824 0.0377042 0.7103772 0.038125599999999996 0.7126941999999999 0.046867 0.7137474 0.054555200000000005
3 0.7072176 0.026434999999999997 0.7100612 0.026434999999999997 0.7056378 0.0047393999999999995 0.7024782 0.0036861999999999997 0.7039526 0.012638199999999999 0.706375 0.019062799999999998 0.7072176 0.026434999999999997