3 0.9471404 0.0017056000000000003 0.9278904000000001 0.0034113999999999998 0.8786694 0.08187259999999999 0.8582012000000001 0.12427099999999999 0.8720904 0.1313374 0.8964572000000001 0.1035592 0.9303272 0.035332 0.9471404 0.0017056000000000003
3 0.934238 0.46240059999999994 0.9955768 0.49153140000000006 0.9982438 0.47224760000000005 0.8999786000000001 0.4199352 0.8632572 0.39121480000000003 0.8164838 0.35244200000000003 0.7715566 0.310387 0.745503 0.28228179999999997 0.7292964 0.2970524 0.7947382000000001 0.3620838 0.8552566 0.411114 0.934238 0.46240059999999994
3 0.697909 0.27161420000000003 0.7069354 0.2800252 0.7249884 0.2652546 0.7143208 0.24432979999999999 0.700781 0.253151 0.7048840000000001 0.257459 0.7040634 0.2632032 0.697909 0.27161420000000003
3 0.6267232 0.1388596 0.6220048 0.10439499999999999 0.620979 0.0695202 0.608465 0.056801000000000004 0.607029 0.0758796 0.6029262 0.1041898 0.6271334000000001 0.1558992 0.6540076 0.1954924 0.675548 0.2217636 0.6749326 0.2353032 0.69914 0.3050532 0.7110384 0.3323376 0.7528884 0.3770596 0.7885838 0.4004464 0.8054058 0.4318338 0.8351521999999999 0.4890696 0.8525896 0.5311248 0.865719 0.5698974 0.878233 0.5840525999999999 0.8899264 0.574821 0.8638726 0.516149 0.8386395999999999 0.46488699999999994 0.8191508000000001 0.4269348 0.7902250000000001 0.3869312 0.7247832 0.3270162 0.7011914 0.272845 0.6833435999999999 0.22073779999999998 0.6899084 0.1979666 0.6710347999999999 0.1905812 0.6609826 0.18850519999999998 0.6406729999999999 0.1624516 0.6267232 0.1388596
3 0.9447004 0.5815908000000001 0.8948498 0.632262 0.8591544000000001 0.6570848 0.8285874 0.676984 0.725809 0.7212958 0.742631 0.7600684 0.9980385999999999 0.6304158 0.9933202 0.562307 0.9447004 0.5815908000000001
3 0.9982438 0.7018068000000001 0.9836784 0.6757532 0.945521 0.7194494 0.9654202 0.73422 0.9982438 0.7018068000000001
3 0.9508547999999999 0.892183 0.9951665999999999 0.922955 0.9968078 0.9010042 0.9578298000000001 0.8712580000000001 0.9124924 0.8380242000000001 0.8841822 0.8289978 0.8720786 0.8316646000000001 0.8577182000000001 0.8361778 0.8718733999999999 0.8548462000000001 0.8817204000000001 0.8452044000000001 0.9085946 0.8607954 0.9508547999999999 0.892183
3 0.9469569999999999 0.8985424 0.9362894 0.8991580000000001 0.9358791999999999 0.9094152 0.9713696 0.9168006 0.9734209999999999 0.9038762 0.9469569999999999 0.8985424
3 0.8772072 0.8618212 0.8712580000000001 0.8772072 0.8942344 0.8841822 0.8977218 0.8720786 0.8772072 0.8618212
3 0.948188 0.7569912000000001 0.952291 0.7256038 0.941213 0.7262192 0.9303402000000001 0.7623249999999999 0.91598 0.7920714 0.8987475999999999 0.8265359999999999 0.8868492 0.8632572 0.8698219999999999 0.8946446 0.8819256 0.906133 0.8872593999999999 0.8868492 0.8985424 0.8579234 0.948188 0.7569912000000001
3 0.879669 0.8129964 0.9323916000000001 0.7555552 0.9245962000000001 0.7354508 0.8936189999999999 0.755145 0.8636676 0.7953536 0.879669 0.8129964
3 0.9338278000000001 0.9239805999999999 0.9051072 0.9311608 0.9085946 0.939777 0.9401871999999999 0.934238 0.9408025999999999 0.92316 0.9338278000000001 0.9239805999999999
3 0.9504446 0.9666512 0.8987475999999999 0.9469569999999999 0.8677704 0.932802 0.8659242 0.9471622 0.9894223999999999 0.9997999999999999 0.9922945999999999 0.9855246 0.9504446 0.9666512
3 0.9042866 0.9498291999999999 0.9346482 0.9508547999999999 0.9366998000000001 0.9408025999999999 0.9200828 0.9410078000000001 0.8993629999999999 0.9436747999999999 0.9042866 0.9498291999999999
3 0.9808064 0.8571028 0.9668564 0.8718733999999999 0.9808064 0.8862336000000001 0.9997999999999999 0.8486917999999999 0.995782 0.839255 0.9808064 0.8571028
3 0.563743 0.9974232000000001 0.5830268000000001 0.9997999999999999 0.653187 0.9602916 0.6466224 0.9461366 0.6285694000000001 0.959471 0.5879504 0.9824474000000001 0.563743 0.9974232000000001
3 0.731348 0.9436747999999999 0.7135002 0.9504446 0.7034480000000001 0.9563938000000001 0.7137054 0.9689078 0.7323736000000001 0.9557784 0.7381178 0.9490086 0.731348 0.9436747999999999
3 0.7141156 0.9842938 0.7344252 0.9728056 0.7309376000000001 0.9654202 0.7167825999999999 0.9715748 0.708987 0.9771136 0.7141156 0.9842938
3 0.7748389999999999 0.9912688 0.770531 0.9853196000000001 0.7528884 0.9924996 0.7461184000000001 0.9949614 0.7297068 0.9859349999999999 0.7253986 0.9924996 0.7393486 0.9997999999999999 0.7596582 0.9997999999999999 0.7748389999999999 0.9912688
3 0.4507038 0.8393331999999999 0.3922524 0.8721818000000001 0.3209996 0.9113106 0.2639974 0.9472992 0.2021646 0.9953646 0.2176228 0.998746 0.3052998 0.9342564 0.4031214 0.8760464000000001 0.5364486 0.8101074 0.5898278 0.7878862 0.584514 0.7690466 0.5738864 0.7825724000000001 0.515435 0.8101074 0.4507038 0.8393331999999999
3 0.4366948 0.8586560000000001 0.3799342 0.8895723999999999 0.2705188 0.9569606 0.218589 0.998746 0.2613406 0.9992292 0.2924986 0.9753171999999999 0.3941846 0.911069 0.5345164 0.8405408 0.6383762 0.8084168 0.6004554 0.7830556 0.5586698 0.8014122 0.5028752 0.8262902000000001 0.4366948 0.8586560000000001
3 0.3429794 0.31447820000000004 0.3335594 0.3294534 0.3676158 0.3574714 0.3729296 0.3475684 0.3429794 0.31447820000000004
3 0.2780064 0.260616 0.2707604 0.2676204 0.3127874 0.30336759999999996 0.3190674 0.29805380000000004 0.2780064 0.260616
3 0.1608622 0.15772219999999998 0.149993 0.170765 0.2451578 0.2480562 0.25023 0.23646240000000002 0.1608622 0.15772219999999998
3 0.0833294 0.0966138 0.04879 0.060625200000000004 0.036954799999999996 0.0466162 0.028259600000000003 0.057968399999999996 0.12414879999999999 0.1408148 0.1299456 0.1330856 0.0833294 0.0966138