3 0.0670882 0.562062 0.0526606 0.6327572 0.0403972 0.6857784 0.0270516 0.7236507999999999 0 0.7636874 0.0046890000000000005 0.7690976 0.0252482 0.7412164 0.038233 0.7098364 0.046529 0.6838668 0.059153 0.6319276 0.0735806 0.5630358 0.091615 0.5092932 0.144997 0.3596072 0.13129079999999999 0.3538362 0.0948612 0.4729718 0.084762 0.5050732 0.0670882 0.562062
3 0.1994612 0.4791036 0.1958542 0.4700862 0.1576212 0.4964166 0.1608674 0.5011056 0.1994612 0.4791036
3 0.099911 0.5360924 0.095222 0.5303213999999999 0.0025248 0.5837034 0.0032462 0.5930814 0.099911 0.5360924
3 0.0018034000000000001 0.56098 0.0014428 0.5671115999999999 0.0573496 0.5465524 0.09269720000000001 0.5303213999999999 0.08800820000000001 0.5234682 0.0876474 0.5234682 0.0613172 0.5375352 0.0018034000000000001 0.56098
3 0.1431936 0.6042626 0.1377832 0.5999344 0.12299500000000001 0.6143620000000001 0.1258806 0.6219364 0.1431936 0.6042626
3 0.18864039999999999 0.6475454 0.1832302 0.6428564 0.15689979999999998 0.6893854 0.160146 0.701288 0.18864039999999999 0.6475454
3 0.1273232 0.5653082 0.1201096 0.5580944 0.001082 0.6147226 0.0007214 0.624822 0.1273232 0.5653082
3 0.11650259999999998 0.5512414 0.111453 0.5440276 0.0014428 0.6035412 0.0014428 0.6150834 0.11650259999999998 0.5512414
3 0.0043282 0.9125438000000001 0.001082 0.927332 0.068531 0.9983878 0.0793516 0.9983878 0.0043282 0.9125438000000001
3 0.02092 0.9677292 0.0169524 0.9753035999999999 0.0645634 0.9983878 0.0652848 0.9882884000000001 0.02092 0.9677292
3 0.3152424 0.9997999999999999 0.3368838 0.9983878 0.2874694 0.9648436 0.2589748 0.9410382 0.2091998 0.9226430000000001 0.19693639999999998 0.911101 0.18647640000000001 0.9294962 0.25140039999999997 0.9507768000000001 0.2907156 0.9760249999999999 0.3152424 0.9997999999999999
3 0.1951328 0.213528 0.1698846 0.2665494 0.1724094 0.265828 0.1767378 0.27159900000000003 0.227595 0.1626708 0.2218238 0.1572606 0.1951328 0.213528
3 0.352754 0.27881279999999997 0.4335484 0.2665494 0.5172284 0.24959699999999999 0.5915304 0.2268736 0.6146144 0.2117246 0.6889164 0.171688 0.7581688 0.1273232 0.8155184 0.0735806 0.8497838 0.026330399999999997 0.8656542 0.0003606 0.8548334000000001 0.0018034000000000001 0.7899094 0.0912544 0.7159682 0.144997 0.6113682 0.2070356 0.5417552 0.23697279999999998 0.4883732 0.24959699999999999 0.373674 0.2661886 0.297208 0.28783 0.2416618 0.3159638 0.1525716 0.3751168 0.159064 0.38377340000000004 0.2452686 0.323899 0.29829 0.2943224 0.352754 0.27881279999999997
3 0.59658 0.2532038 0.5875627999999999 0.24599000000000001 0.501358 0.2964866 0.400365 0.34554019999999996 0.318128 0.39062640000000004 0.22615219999999997 0.4450906 0.1605068 0.48404499999999995 0.1644742 0.48909459999999993 0.3206528 0.394594 0.560511 0.2708776 0.59658 0.2532038
3 0.5890056 0.2892728 0.612811 0.265828 0.6041544 0.2636638 0.5486084 0.3037004 0.45050080000000003 0.3682638 0.4068574 0.3927906 0.2986506 0.4465332 0.17060599999999998 0.511818 0.17493419999999998 0.5204746 0.299372 0.45410779999999995 0.451583 0.3776416 0.5890056 0.2892728
3 0.6174999999999999 0.27737 0.655733 0.24454720000000002 0.6445516 0.2416618 0.5334594 0.3271452 0.4288594 0.3913478 0.3635748 0.4299416 0.26907420000000004 0.48296279999999997 0.17745919999999998 0.5305738 0.181066 0.5381484000000001 0.3801664 0.4303022 0.4901766 0.3639354 0.6174999999999999 0.27737
3 0.6896378000000001 0.2160528 0.7743998000000001 0.148604 0.8753928 0.0079352 0.8642114 0.0043282 0.7725964000000001 0.1291268 0.6824239999999999 0.201986 0.6896378000000001 0.2160528
3 0.6932448 0.1951328 0.7469874 0.1417508 0.7365274 0.1403082 0.6752102 0.19801839999999998 0.6752102 0.20342880000000002 0.6932448 0.1951328
3 0.122466 0.675127 0.1483604 0.6567382 0.146484 0.6539862000000001 0.1368518 0.6609914 0.12134020000000001 0.6719996 0.122466 0.675127
3 0.1351004 0.6642438 0.13159780000000001 0.6622424 0.1163364 0.6702484 0.11996420000000001 0.6731254 0.1351004 0.6642438
3 0.1408548 0.6354724 0.138603 0.633471 0.1248428 0.6572386 0.12784500000000001 0.6596154000000001 0.1408548 0.6354724
3 0.0464096 0.68601 0.09069239999999999 0.6313443999999999 0.1135844 0.6009468 0.11158300000000002 0.595943 0.0839374 0.6273413999999999 0.049787 0.6689974000000001 0.0464096 0.68601
3 0.1067044 0.7229124 0.10345200000000002 0.7214114 0.08781520000000001 0.7453042 0.0908176 0.747806 0.1067044 0.7229124
3 0.082061 0.7261648 0.0809352 0.7232878 0.0609202 0.7389243999999999 0.06317199999999999 0.7406756 0.082061 0.7261648
3 0.1407296 0.7286668 0.1369768 0.7225372 0.1182128 0.7548112 0.12021440000000001 0.7624418000000001 0.1407296 0.7286668
3 0.067175 0.7695722 0.06454800000000001 0.7663198 0.059294 0.7785788 0.0630468 0.7798298 0.067175 0.7695722
3 0.07680719999999999 0.7681962 0.0728042 0.7690718000000001 0.065799 0.7809556 0.067175 0.782707 0.07680719999999999 0.7681962
3 0.046284399999999996 0.7890866 0.045659 0.7860844 0.0156366 0.7965922 0.016137000000000002 0.8007204 0.046284399999999996 0.7890866
3 0.0367774 0.797593 0.0340252 0.796342 0.021641 0.8111029999999999 0.024268 0.8151059999999999 0.0367774 0.797593
3 0.034525600000000004 0.700646 0.0360268 0.6852594 0.000125 0.7314187999999999 0.0005004 0.7431776 0.034525600000000004 0.700646