0 0.6488273999999999 0.4852906 0.6367992 0.4318576 0.6108924 0.43555859999999996 0.6229205999999999 0.491536 0.6488273999999999 0.4852906
2 0.5900478 0.394564 0.589534 0.4002154 0.5903048 0.4068942 0.5935158 0.40959139999999994 0.6049468 0.4070226 0.6043046000000001 0.4004722 0.6025064 0.3927658 0.5900478 0.394564
6 0.6898405999999999 0.45396840000000005 0.6925754000000001 0.45516500000000004 0.7012924 0.44781519999999997 0.6886441999999999 0.4433714 0.6867639999999999 0.4457642 0.6898405999999999 0.45396840000000005
6 0.6857386 0.430894 0.6901824000000001 0.43294499999999997 0.6983868 0.4267918 0.6879603999999999 0.4202968 0.684713 0.422006 0.6857386 0.430894
3 0.7749170000000001 0.3894204 0.7500264 0.385374 0.7388686 0.385374 0.7286918 0.3858646 0.725749 0.3861098 0.7273430000000001 0.387949 0.7274656 0.3880716 0.7502717999999999 0.3883168 0.7768788 0.3922404 0.7776145999999999 0.3906464 0.7749170000000001 0.3894204
3 0.692677 0.9654491999999999 0.699446 0.9903869999999999 0.7011084000000001 0.9903869999999999 0.6965958 0.9667554 0.6932708 0.9647365999999999 0.692677 0.9654491999999999
3 0.6842458 0.9259048 0.6891146 0.9492990000000001 0.691252 0.9519114 0.691252 0.9464488 0.6866208 0.9251924 0.6844832000000001 0.9247173999999999 0.6842458 0.9259048
3 0.6816332 0.9112984000000001 0.6840082 0.9114172 0.682702 0.9035795999999999 0.679852 0.8893293999999999 0.6767643999999999 0.8879044 0.6816332 0.9112984000000001
3 0.6701144 0.8556039999999999 0.6742706 0.8715168 0.6764082 0.8734168 0.6754582 0.8615416 0.6713018 0.849429 0.6695206 0.850379 0.6701144 0.8556039999999999
3 0.6620391999999999 0.8155848000000001 0.6654829999999999 0.8273412 0.6666706 0.8343476000000001 0.6691644 0.8368414 0.667383 0.8210474 0.6638204 0.8124971999999999 0.6619204 0.8124971999999999 0.6620391999999999 0.8155848000000001
3 0.6536078 0.7723592 0.657408 0.786372 0.6582391999999999 0.7970596 0.6595454000000001 0.8000284000000001 0.662158 0.8024034 0.6601391999999999 0.7858970000000001 0.6550328000000001 0.7685592 0.6532516 0.7685592 0.6536078 0.7723592
3 0.6425639999999999 0.714171 0.6435139999999999 0.723315 0.6442266 0.7312712 0.6479078 0.7431464 0.650164 0.753359 0.650639 0.7581092 0.6517078 0.7597716 0.6527765999999999 0.7585842 0.6509954 0.7451652 0.6490954 0.7375651999999999 0.646839 0.7287776 0.6452952 0.7177336000000001 0.6437514 0.7085898 0.6394764000000001 0.698971 0.6384076000000001 0.7000396 0.6391202 0.7044334 0.6425639999999999 0.714171
3 0.6319952 0.6713018 0.6352013999999999 0.6847208 0.6355576000000001 0.686977 0.6384076000000001 0.6861458 0.6355576000000001 0.6722518 0.63152 0.6618018 0.6284326 0.6615642 0.6319952 0.6713018
3 0.6197638000000001 0.6232074 0.6236826 0.6329452 0.6255826 0.6488578 0.6287887999999999 0.6525392 0.6260576 0.6336576 0.6192888 0.6144198000000001 0.6188136 0.61537 0.6197638000000001 0.6232074
3 0.6141824 0.5963695999999999 0.61632 0.6074136 0.619645 0.609551 0.6175074 0.5974383999999999 0.6134698000000001 0.5849696 0.610501 0.5855632 0.6141824 0.5963695999999999
3 0.6063448 0.5671568 0.6074136 0.5698882000000001 0.6096698 0.5702444 0.6046822 0.5518378 0.6021884 0.5501754 0.601476 0.5513627999999999 0.6063448 0.5671568
3 0.600526 0.539844 0.5905508 0.5082752 0.5881757999999999 0.5092252 0.5968446000000001 0.5383192 0.600526 0.539844
3 0.5745194 0.443812 0.5654944000000001 0.41887420000000003 0.562763 0.4197056 0.5759444 0.46375279999999997 0.5843758 0.4962812 0.5868696 0.4979438 0.5880569999999999 0.494526 0.584257 0.48312600000000006 0.5745194 0.443812
6 0.1169964 0.409013 0.1575774 0.39358740000000003 0.158764 0.395486 0.1673072 0.385756 0.1529498 0.382315 0.11319939999999999 0.3984524 0.1169964 0.409013
1 0.5052694 0.1198842 0.4824256 0.026784000000000002 0.4780042 0 0.4608098 0.0002554 0.474074 0.050119199999999996 0.49716360000000004 0.1714526 0.5214814 0.278554 0.5389214 0.357894 0.556607 0.4192976 0.5752752 0.415613 0.549238 0.3198156 0.529096 0.2272066 0.5052694 0.1198842