3 0.0800354 0.2645008 0.0008222 0.31931980000000004 0 0.331928 0.0912734 0.2636786 0.168568 0.1877546 0.23106140000000003 0.08606559999999999 0.2250314 0.0772946 0.20940799999999998 0.1110082 0.1581524 0.1844654 0.0800354 0.2645008
3 0.13540259999999998 0.2052966 0.0778428 0.2719014 0.0010964 0.3357654 0.0008222 0.34481039999999996 0.0909992 0.2672418 0.1384176 0.21242299999999997 0.1584264 0.18007979999999998 0.1998146 0.09483660000000001 0.1924142 0.09072519999999999 0.1932364 0.0912734 0.1696642 0.14417359999999999 0.13540259999999998 0.2052966
3 0.1096376 0.0838728 0.093192 0.0792132 0.0359064 0.039212000000000004 0.0474182 0.0068687999999999996 0.037825 0 0.0219276 0.0244108 0.014527000000000002 0.0501756 0.0287798 0.0575762 0.0764722 0.0871784 0.090177 0.09622359999999999 0.0402918 0.176533 0.0008222 0.241751 0.0010964 0.2571004 0.061123000000000004 0.1674716 0.10771900000000001 0.09428840000000001 0.1096376 0.0838728
3 0.2587448 0.06278399999999999 0.369479 0.0696364 0.369479 0.06251 0.2623082 0.05620579999999999 0.212697 0.0438716 0.0833246 0.0011128000000000002 0.07071619999999999 0.0035796 0.1238906 0.0227662 0.177613 0.042227 0.2587448 0.06278399999999999
3 0.3006814 0.0474348 0.3719458 0.056754000000000006 0.3744126 0.049901600000000004 0.299585 0.0386638 0.2587448 0.0315372 0.1469144 0.0000164 0.1304688 0.0038538 0.1852876 0.018929 0.24695879999999998 0.0372932 0.3006814 0.0474348
3 0.6350762 0.08030960000000001 0.6219196 0.0772946 0.561893 0.06770119999999999 0.4941918 0.0600266 0.491725 0.0693458 0.5479142 0.072635 0.6304166 0.087436 0.6350762 0.08030960000000001
3 0.771301 0.1255352 0.815156 0.130743 0.8146077999999999 0.1214238 0.7649968 0.1186828 0.6835907999999999 0.1088154 0.6213714 0.09785160000000001 0.49391759999999996 0.07208679999999999 0.491725 0.08168 0.6361726 0.10826720000000001 0.6841389999999999 0.11621600000000001 0.771301 0.1255352
3 0.4604782 0.39250280000000004 0.45335179999999997 0.4007256 0.5342096 0.4670564 0.5396913999999999 0.45718899999999996 0.4604782 0.39250280000000004
3 0.45773720000000007 0.4333428 0.4549964 0.4333428 0.4486922 0.4440326 0.5194084 0.4884358 0.5251644 0.4780202 0.45773720000000007 0.4333428
3 0.40565939999999995 0.46760460000000004 0.3974366 0.47829439999999995 0.4618486 0.5512034 0.46979740000000003 0.5339354000000001 0.40565939999999995 0.46760460000000004
3 0.28231700000000004 0.4780202 0.27244959999999996 0.4755534 0.2546334 0.5002218 0.2625822 0.5059777999999999 0.28231700000000004 0.4780202
3 0.2543594 0.5470919999999999 0.25134439999999997 0.5407878 0.203926 0.5577816 0.2044742 0.5671008 0.2543594 0.5470919999999999
3 0.2571004 0.5575076 0.253263 0.5484624 0.2014592 0.5665526 0.19762180000000001 0.5745014 0.2571004 0.5575076
3 0.401548 0.6964732 0.39359920000000004 0.687154 0.3256238 0.7189490000000001 0.2496998 0.7581444 0.2496998 0.7611595999999999 0.24997379999999997 0.7592407999999999 0.25134439999999997 0.7699306 0.27382 0.7543072000000001 0.3023258 0.7414248 0.401548 0.6964732
3 0.3516628 0.9009476 0.363997 0.9036884000000001 0.363723 0.8929988 0.320416 0.870523 0.3023258 0.8699749999999999 0.279576 0.8516106000000001 0.2551816 0.8411949999999999 0.22092 0.8444841999999999 0.22640180000000001 0.8548997999999999 0.2579226 0.8521588 0.2919102 0.8768271999999999 0.3516628 0.9009476
3 0.2524242 0.7951636 0.22364440000000002 0.7121132 0.21706620000000001 0.6899114 0.19924999999999998 0.6545534 0.1833526 0.6326258 0.1455276 0.618373 0.12579279999999998 0.6200173999999999 0.1246964 0.6298847999999999 0.15183180000000002 0.6408486 0.1748556 0.6531828 0.196509 0.6871706 0.21158419999999997 0.7291070000000001 0.2557298 0.8370836 0.2847838 0.9201342 0.30451860000000003 0.9971546 0.3168528 0.9968806000000001 0.3072432 0.9683911999999999 0.27709280000000003 0.8590275999999999 0.2524242 0.7951636
3 0.2886048 0.8250400000000001 0.2828488 0.7811848 0.2817524 0.74939 0.2707886 0.7529532 0.289153 0.8680726 0.3239628 0.9982673999999999 0.33328199999999997 0.996897 0.3209478 0.9590719999999999 0.3045022 0.8902744 0.2886048 0.8250400000000001
3 0.3195774 0.9267288 0.33574899999999996 0.9966227999999999 0.34972780000000003 0.9993638 0.3404086 0.9587977999999999 0.3193032 0.8669764000000001 0.3132732 0.8173652 0.3014872 0.7444562 0.2916198 0.7507604 0.29573119999999997 0.7704951999999999 0.3020354 0.8288772 0.3195774 0.9267288
3 0.33574899999999996 0.8713618000000001 0.34753500000000004 0.9089128000000001 0.3513722 0.9516714000000001 0.356306 0.9993638 0.37138119999999997 0.9996378 0.3658992 0.94153 0.34945360000000003 0.8705396000000001 0.33766759999999996 0.8258622000000001 0.3190292 0.7387002 0.3064208 0.7444562 0.3162882 0.7781697999999999 0.3247852 0.8220248 0.33574899999999996 0.8713618000000001
3 0.608489 0.1962186 0.5832724 0.2403476 0.5043332 0.36259359999999996 0.48925799999999997 0.38181319999999996 0.49802920000000006 0.3894878 0.558878 0.3020518 0.6210974 0.200604 0.608489 0.1962186
3 0.6487809999999999 0.035084 0.6622116 0.0419364 0.675094 0.000274 0.6657748 0.0005482 0.6487809999999999 0.035084
3 0.6846872 0.0035632 0.6778348000000001 0.0010964 0.6561814 0.0561894 0.6660488 0.061123000000000004 0.6846872 0.0035632
3 0.6915396 0.0038374 0.6833168 0.0008222 0.6597446 0.0663308 0.6701602 0.07071619999999999 0.6915396 0.0038374
3 0.5424324 0.0243944 0.5525738 0.0021928 0.5432546 0.0008222 0.5429806 0.0008222 0.5358542 0.0200088 0.5424324 0.0243944
3 0.6465882 0.0723608 0.6348022 0.0687976 0.628498 0.09839980000000001 0.6350762 0.1022372 0.6465882 0.0723608
3 0.5246326 0.3009718 0.4574796 0.3854092 0.4221214 0.419671 0.3579834 0.512589 0.3256404 0.5632964 0.2998754 0.608796 0.2853484 0.7033586 0.292475 0.7727044000000001 0.3086464 0.873297 0.3207066 0.8746674000000001 0.3078242 0.781459 0.3023424 0.7567904000000001 0.2996014 0.6921042 0.30152 0.6548274000000001 0.3086464 0.627418 0.3631748 0.522714 0.42320140000000006 0.4336006 0.47308659999999997 0.38181319999999996 0.54161 0.2946512 0.6016368 0.1992664 0.6328834 0.14417359999999999 0.6268534 0.13348379999999999 0.6005568 0.1850464 0.5528644 0.2699992 0.5246326 0.3009718
3 0.46431560000000005 0.360209 0.4245718 0.4051606 0.3598856 0.483842 0.328913 0.5235856 0.3015036 0.5715522 0.290814 0.6071844 0.2861544 0.6376088 0.2729978 0.7244965999999999 0.26779000000000003 0.7675294 0.2839616 0.765578 0.28231700000000004 0.725286 0.3001332 0.6156648 0.3078078 0.5852404 0.3352172 0.5342588 0.3708494 0.4912096 0.4259424 0.4202192 0.48651720000000004 0.3483736 0.518312 0.3124674 0.5714864000000001 0.2425734 0.6046518 0.1839172 0.6301426 0.11703820000000001 0.6213714 0.11046 0.5651822 0.2327388 0.5279054000000001 0.2842686 0.46431560000000005 0.360209
3 0.3274418 0.5795642 0.30762100000000003 0.6303058 0.304846 0.7298068 0.3183242 0.7266353999999999 0.3345774 0.6013672 0.3908688 0.5149478000000001 0.4673776 0.42377159999999997 0.4602422 0.4110862 0.4233752 0.46063859999999995 0.370255 0.524462 0.3274418 0.5795642