3 0.1533654 0.5997060000000001 0.132146 0.5906328000000001 0.1273168 0.5999985999999999 0.2025362 0.646096 0.20663360000000003 0.6384864 0.1533654 0.5997060000000001
3 0.2430726 0.596779 0.249658 0.5894619999999999 0.2353166 0.5800962000000001 0.2070726 0.562828 0.1807312 0.5511206 0.151463 0.5373646 0.1438534 0.5430718 0.1671216 0.5558036000000001 0.20678000000000002 0.5773157999999999 0.2430726 0.596779
3 0.2777554 0.5416084 0.2808286 0.5293158 0.2339994 0.5102914000000001 0.18863380000000002 0.48775500000000005 0.18248740000000002 0.4949256 0.2009264 0.50795 0.24834079999999997 0.531072 0.2777554 0.5416084
3 0.15790200000000001 0.4369746 0.1470728 0.45087700000000003 0.1564386 0.4574624 0.19126780000000002 0.4776574 0.1960972 0.469755 0.1615606 0.451755 0.1663898 0.44473060000000003 0.15790200000000001 0.4369746
3 0.1499996 0.4791208 0.1378534 0.47136480000000003 0.11751199999999999 0.5032672 0.1331704 0.5123401999999999 0.1499996 0.4791208
3 0.1217558 0.5256573999999999 0.1112192 0.5196574 0.0971706 0.5445354 0.10609740000000001 0.551706 0.1217558 0.5256573999999999
3 0.3557552 0.28726759999999996 0.34082840000000003 0.2919506 0.3207798 0.3162432 0.2912188 0.36658460000000004 0.2799506 0.3883894 0.29063340000000004 0.3940966 0.3280968 0.3336578 0.3474138 0.3017554 0.3557552 0.28726759999999996
3 0.3664382 0.3042432 0.35736500000000004 0.2966334 0.338048 0.3223894 0.320048 0.34829180000000004 0.2991212 0.381365 0.2920968 0.3970234 0.2980968 0.4022918 0.3226822 0.3677552 0.35590160000000004 0.3257554 0.3664382 0.3042432
3 0.028243800000000003 0.6708276 0.018439 0.6883886 0.0245854 0.700974 0.047268199999999996 0.6646814 0.0619022 0.6532668 0.0845852 0.6096572 0.0818046 0.5975108 0.098634 0.5729254 0.08370720000000001 0.5673646 0.061463199999999996 0.6043888 0.0460974 0.6326326 0.028243800000000003 0.6708276
3 0.049170599999999995 0.9929332000000001 0.061756 0.9997999999999999 0.0809266 0.9755100000000001 0.112829 0.9200466 0.14458500000000002 0.8667784 0.1337558 0.859754 0.12117039999999998 0.875714 0.0842924 0.9311773999999999 0.049170599999999995 0.9929332000000001
3 0.0029268 0.9712748 0.06321940000000001 0.982982 0.069951 0.9715674 0.0278048 0.9595676 0.0035039312500000004 0.957280321875 0.0029268 0.9712748
3 0.0242926 0.976543 0.0042438 0.9737626 0.0020488 0.9823968000000001 0.0531218 0.9987869999999999 0.057511999999999994 0.9888358 0.0242926 0.976543
3 0.132146 0.9864941999999999 0.1005364 0.9794698000000001 0.0841462 0.9755186 0.0756584 0.9863479999999999 0.1186826 0.999226 0.1559996 0.9980551999999999 0.132146 0.9864941999999999
3 0.6160962 0.8656078 0.6343888 0.8180468 0.6561936 0.763444 0.6450716 0.7615328 0.6308766 0.8006059999999999 0.6093644 0.8532888 0.6036572 0.8702642 0.5907792 0.9093462000000001 0.5822914 0.932029 0.5618036 0.9809246 0.5546328 0.9971684 0.5657548 0.9990707999999999 0.5944376 0.9370222 0.6084864 0.8929736 0.6160962 0.8656078
3 0.400243 0.9557537999999999 0.3971698 0.9616073999999999 0.4280478 0.9775586 0.43199899999999997 0.9714124 0.400243 0.9557537999999999
3 0.7795592 0.49697440000000004 0.8375102 0.413121 0.8309248 0.40360880000000005 0.8312175999999999 0.4047796 0.770047 0.4871696 0.7795592 0.49697440000000004
3 0.816721 0.572823 0.8041356000000001 0.5871644 0.7698918 0.6704238 0.7643308 0.6831554 0.7376967999999999 0.7752128 0.7161846 0.8606847999999999 0.6999408 0.9148310000000001 0.6757945999999999 0.9961966 0.6864774 0.9994162 0.7110716 0.915993 0.7423886000000001 0.8103260000000001 0.7710714000000001 0.7184148 0.778242 0.696171 0.7857054 0.672455 0.7909738 0.6625038 0.8003396 0.6418698 0.8348760000000001 0.5727792 0.8547784 0.5427792 0.8680956 0.5233158 0.9024856 0.49038899999999996 0.9959975999999999 0.3829748 0.9899976 0.364243 0.9596962 0.3941844 0.873794 0.48794519999999997 0.816721 0.572823
3 0.8626721999999999 0.5411870000000001 0.8495014 0.5584552 0.8363308 0.5755772 0.7925747999999999 0.6686326 0.7564284 0.7675768 0.7491114 0.7928938 0.7199896 0.8918291999999999 0.7041845999999999 0.9429022 0.6891116 0.9932435999999999 0.705209 0.9983654 0.7100472 0.9843254 0.7540958 0.8381308000000001 0.8025347999999999 0.7125612 0.8126322 0.682415 0.8544858 0.593861 0.8676565999999999 0.5752758 0.9314612 0.5085354 0.9980464 0.42234040000000006 0.9923392 0.392926 0.9449158000000001 0.4462028 0.9277939999999999 0.463032 0.8626721999999999 0.5411870000000001
3 0.6897056 0.2221458 0.6370228 0.2282922 0.5664864 0.2313654 0.5208280000000001 0.23268239999999998 0.4977062 0.2332678 0.4928768 0.238975 0.5072184 0.2426336 0.544389 0.24819460000000002 0.6506326 0.244097 0.7154618 0.2322434 0.7799982 0.205463 0.7798518 0.1893654 0.7562909999999999 0.1972678 0.722047 0.21234099999999997 0.6897056 0.2221458
3 0.9847294 0.2301946 0.9959975999999999 0.21687759999999998 0.9945342 0.20312139999999998 0.9842904000000001 0.21556039999999999 0.9809246 0.2266824 0.9847294 0.2301946