3 0.17069700000000002 0.6962186 0.1693974 0.6845212 0.1191414 0.6541942 0.0669358 0.620618 0.064553 0.6074042000000001 0.040508 0.617802 0.086215 0.6615594 0.1527176 0.6951356 0.17069700000000002 0.6962186
3 0.11025979999999999 0.8084282 0.066286 0.6760729999999999 0.053722000000000006 0.6821382 0.084482 0.7757183999999999 0.097046 0.8075616 0.11025979999999999 0.8084282
3 0.12022440000000001 0.6056712 0.097046 0.590941 0.08816460000000001 0.5840092 0.076467 0.614336 0.11632519999999999 0.6431466 0.1338716 0.6284164 0.12022440000000001 0.6056712
3 0.2675264 0.7425754 0.3182156 0.7586054 0.34334359999999997 0.7739854 0.35872380000000004 0.7863328 0.3732374 0.7789678 0.37107100000000004 0.7692198 0.3507088 0.766837 0.3485426 0.759905 0.3426938 0.7488574 0.2941708 0.7339106 0.2445646 0.7248126 0.20492300000000002 0.7068329999999999 0.1652816 0.672607 0.1310554 0.6344818 0.12390699999999999 0.6427134 0.1891098 0.7135482 0.22853479999999998 0.7358602000000001 0.2675264 0.7425754
3 0.0381252 0.6351316 0.027510800000000002 0.6407638 0.0415912 0.6739067999999999 0.052422199999999995 0.6678414 0.0381252 0.6351316
3 0.1089602 0.5729616 0.11415900000000001 0.5809764000000001 0.1306222 0.5777272 0.1282394 0.5671128000000001 0.1089602 0.5729616
3 0.053071999999999994 0.6762895999999999 0.0402914 0.6849544 0.0905474 0.8326895999999999 0.10354460000000001 0.8303068 0.053071999999999994 0.6762895999999999
3 0.3912168 0.8835953999999999 0.38580139999999996 0.8725478000000001 0.3732374 0.890094 0.3812522 0.9074237999999999 0.396849 0.9043910000000001 0.3912168 0.8835953999999999
3 0.25063 0.964395 0.2504134 0.9494482 0.0214454 0.9667778 0.022312000000000002 0.9791252 0.25063 0.964395
3 0.1607324 0.9288692 0.1652816 0.9113228 0.1011618 0.9217205999999999 0.09293019999999999 0.9392670000000001 0.1607324 0.9288692
3 0.0002166 0.8703816 0.3491924 0.7817838 0.3257974 0.7720358 0.24694739999999998 0.7921815999999999 0.0030326 0.8537018 0.0002166 0.8703816
3 0.3803858 0.7609882 0.37627 0.7514567999999999 0.35265840000000004 0.7594718 0.354608 0.766837 0.3803858 0.7609882
3 0.42999200000000004 0.7449582 0.3517918 0.7664038 0.354608 0.7783178000000001 0.3697714 0.777668 0.6424968 0.7128984 0.6301494 0.6981682 0.6089206 0.7066163999999999 0.5157735999999999 0.728495 0.42999200000000004 0.7449582
3 0.45057080000000005 0.9126226000000001 0.4666008 0.889011 0.41764460000000003 0.882729 0.3990152 0.8892276000000001 0.410496 0.9206376000000001 0.4260928 0.9288692 0.45057080000000005 0.9126226000000001
3 0.3093342 0.9067738000000001 0.2501968 0.9054741999999999 0.20384000000000002 0.9052576 0.208389 0.9197710000000001 0.41222899999999996 0.9154386000000001 0.4091964 0.9004918 0.3093342 0.9067738000000001
3 0.4447222 0.9481484 0.4297752 0.9574630000000001 0.4523038 0.9992708 0.46638419999999997 0.9990542 0.4447222 0.9481484
3 0.3927332 0.9150054000000001 0.4003148 0.90894 0.383635 0.9046076 0.35330819999999996 0.9238868 0.323198 0.9513978 0.29958619999999997 0.9578963999999999 0.2846394 0.9546469999999999 0.262111 0.9509643999999999 0.2634106 0.9687274 0.32688039999999996 0.9633117999999999 0.35330819999999996 0.9451158 0.3927332 0.9150054000000001
3 0.343127 0.9602792000000001 0.34507659999999996 0.9546469999999999 0.31063399999999997 0.9422995999999999 0.2668766 0.9355844 0.22918460000000002 0.929519 0.22961779999999998 0.9414332 0.2898384 0.9513978 0.3296966 0.9585462 0.343127 0.9602792000000001
3 0.40334760000000003 0.9767424 0.372804 0.9611456 0.3695548 0.9730598 0.41006280000000006 0.9988376000000001 0.43064179999999996 0.9977546 0.40334760000000003 0.9767424
3 0.45208719999999997 0.9414332 0.465951 0.9927721999999999 0.47916480000000006 0.9997999999999999 0.48393040000000004 0.915222 0.4707166 0.9076404 0.4709332 0.9061239999999999 0.46486780000000005 0.9176048 0.45208719999999997 0.9414332
1 0.6271166 0.897026 0.6877704 0.8593339999999999 0.7414924 0.8268408 0.7323942 0.8062618 0.6141194 0.8783966 0.573828 0.8983256000000001 0.5736114 0.9208542 0.6364314 0.9988376000000001 0.6585266 0.9938553999999999 0.6290662 0.9550801999999999 0.600039 0.9193377999999999 0.6271166 0.897026
3 0.4765654 0.8721146 0.48566339999999997 0.8883612 0.765104 0.7601218000000001 0.7484242 0.7492905999999999 0.4765654 0.8721146
3 0.7159312 0.7984636 0.9695938 0.6704148 0.9953716 0.6574175999999999 0.9873568 0.6361888 0.8991922000000001 0.6598004000000001 0.8225084 0.7109228 0.7549228 0.7503478 0.6078374 0.817067 0.4618352 0.8846396000000001 0.47396580000000005 0.8959037999999999 0.4724496 0.9030913999999999 0.48977919999999997 0.9121893999999999 0.5361360000000001 0.8727644 0.5753444 0.8623666 0.7159312 0.7984636
3 0.7360768 0.6979516 0.7486408 0.6921028 0.7449582 0.685171 0.7250292 0.677156 0.6964352 0.677156 0.656577 0.6901531999999999 0.632099 0.6953522000000001 0.6396805999999999 0.7083494 0.6797554 0.7003344 0.7126818 0.6882036 0.7360768 0.6979516
3 0.9273528000000001 0.43129160000000005 0.9639616 0.38926720000000004 0.9713267999999999 0.3806024 0.9585462 0.372804 0.9280025999999999 0.396849 0.874714 0.4447222 0.8361556 0.48111439999999994 0.8121105999999999 0.516207 0.7781011999999999 0.5590978 0.7902319999999999 0.5653798 0.8376718000000001 0.5183732 0.8690818 0.4707166 0.9273528000000001 0.43129160000000005
3 0.9210708000000001 0.4003148 0.9433828 0.3786528 0.9321184 0.36760519999999997 0.9030913999999999 0.3929498 0.8294404 0.4414728 0.7900153999999999 0.479598 0.7395428 0.520756 0.7356436000000001 0.5398186 0.7258956000000001 0.551516 0.7336940000000001 0.5586646 0.7917484 0.5036430000000001 0.8274908 0.46985 0.9210708000000001 0.4003148
3 0.7973804 0.4951948 0.7863328 0.5151238 0.7880658 0.5400351999999999 0.7943477999999999 0.5872584 0.7852496 0.5967898 0.7495072 0.620618 0.7243794 0.6377309999999999 0.7267622 0.6461792 0.7453916 0.6468292 0.7653206 0.6342652 0.8066952000000001 0.600689 0.8066952000000001 0.58011 0.7962974 0.527038 0.8207753999999999 0.5025598 0.880996 0.43909000000000004 0.9479317999999999 0.3851514 0.9698104000000001 0.3377116 0.9604958 0.3342456 0.9381838 0.3743334 0.8220751999999999 0.4802478 0.7973804 0.4951948
3 0.7991240000000001 0.019511999999999998 0.8112648 0.0069375999999999995 0.7414552 0.0017343999999999999 0.6512664 0.0221136 0.5259562 0.051164799999999996 0.4739242 0.0676416 0.33647320000000003 0.0880208 0.281406 0.09669259999999999 0.2454174 0.1339822 0.473057 0.115771 0.5580426 0.0832512 0.7991240000000001 0.019511999999999998