0 0.7172866 0.8896577999999999 0.7373894 0.884739 0.7241302000000001 0.8299908 0.7035996 0.8353374 0.7172866 0.8896577999999999
3 0.6301306 0.000163 0.625895 0 0.6242658 0.0112406 0.6234512 0.032256 0.6249174 0.0488726 0.6268724 0.0601132 0.6296418 0.0685846 0.6270352 0.039423799999999995 0.6270352 0.0192232 0.6285014 0.0074938 0.6301306 0.000163
3 0.507949 0 0.511533 0.0084712 0.5141396 0.024925 0.5164204 0.0275316 0.517072 0.0226442 0.5112072000000001 0 0.507949 0
3 0.5266835999999999 0.0796624 0.5356436 0.1163168 0.5475358 0.1633974 0.550957 0.1751268 0.5512828 0.1858788 0.5532376 0.187345 0.554378 0.1847384 0.552586 0.17252019999999998 0.5452551999999999 0.142708 0.5371098 0.11094079999999999 0.5257062 0.0620714 0.520493 0.0389384 0.5172348 0.0327446 0.517072 0.0371432 0.5182124 0.0430078 0.5219592 0.057995399999999996 0.5266835999999999 0.0796624
3 0.5713206 0.2562552 0.5690398 0.2484356 0.561383 0.215691 0.5568215999999999 0.19614199999999998 0.5542152 0.1951646 0.5618718 0.228072 0.568714 0.2582102 0.5713206 0.2562552
3 0.5872856 0.324514 0.5895661999999999 0.322722 0.5876114 0.3144136 0.5749046 0.27108 0.5719722 0.2689622 0.5708318 0.2687992 0.5791402 0.2991002 0.5872856 0.324514
3 0.656196 0.1658442 0.6467472 0.1378338 0.6550556000000001 0.174814 0.6654818 0.2166946 0.6711836 0.2458552 0.6832388 0.3230478 0.6869856000000001 0.3223962 0.675745 0.2557666 0.6682512 0.2137362 0.656196 0.1658442
3 0.599015 0.3893516 0.6022732000000001 0.3932614 0.6047168 0.393913 0.6050426 0.3916324 0.6066716000000001 0.3896774 0.6056942000000001 0.3862564 0.6035764 0.3860934 0.5968972 0.3507422 0.5915212000000001 0.333311 0.5889146000000001 0.3329852 0.593639 0.3540004 0.5999924 0.3857676 0.599015 0.3893516
6 0.7026247999999999 0.44066780000000005 0.713214 0.43089320000000003 0.7001812000000001 0.42616899999999996 0.700507 0.44115659999999995 0.7026247999999999 0.44066780000000005
2 0.6320854 0.4971972 0.6410454 0.4962196 0.6431631999999999 0.4916582 0.6368098 0.4799288 0.6263836 0.4826982 0.6244288 0.48449020000000004 0.6281756 0.4936132 0.6320854 0.4971972
3 0.7169528 0.9860848000000001 0.7137144 0.9859692000000001 0.7172997999999999 0.9997999999999999 0.7213478 0.9997999999999999 0.7169528 0.9860848000000001
3 0.7100134 0.9717434 0.711517 0.9730155999999999 0.7131362 0.9717434 0.707816 0.95 0.7045776 0.9482652 0.7100134 0.9717434
3 0.6977538 0.9176164 0.700761 0.931148 0.7029584 0.9350804 0.703421 0.9296445999999999 0.6991418 0.9098674000000001 0.6949782 0.9082482000000001 0.6977538 0.9176164
3 0.6874604 0.8697345999999999 0.6925494 0.8902058 0.6928964 0.8943694000000001 0.6939371999999999 0.8948320000000001 0.6954408 0.8946008000000001 0.6941686 0.8839604 0.6922024 0.8737826 0.6874604 0.8697345999999999
3 0.6810994 0.8312212000000001 0.6804053999999999 0.8322620000000001 0.6814464 0.8349222 0.6849160000000001 0.8485696 0.6857255999999999 0.8559715999999999 0.6871134 0.8572438 0.6883858 0.8564342 0.6872292 0.8452156000000001 0.6831812 0.8316838000000001 0.6810994 0.8312212000000001
3 0.6757792 0.8043888000000001 0.6773984 0.8126004 0.6783235999999999 0.8175736 0.6799428 0.8190772000000001 0.680868 0.8187302000000001 0.6794802 0.8092463999999999 0.6756636 0.7943268 0.6728878 0.795946 0.6757792 0.8043888000000001
3 0.6635196 0.751187 0.665717 0.7581264 0.6671050000000001 0.7622899999999999 0.6688398 0.7695763999999999 0.6695338 0.7765158 0.6699963999999999 0.7819516 0.670806 0.7842648 0.673466 0.7851899999999999 0.6716156 0.7705016 0.6687242 0.7554664 0.6656014 0.7501462 0.6635196 0.751187
3 0.6564646 0.6976382 0.6533418 0.6854944 0.6520696 0.6820246 0.6510288 0.6816776 0.6499878 0.6832968 0.6532262 0.6955564 0.6541514 0.700414 0.6550768 0.7065438 0.654961 0.7103604 0.656696 0.7181094 0.6584308 0.7223886 0.6612066000000001 0.7304846 0.6613222000000001 0.7380022 0.6616692 0.7417032 0.6643292 0.7440164 0.6642136 0.7326819999999999 0.6605126 0.7196127999999999 0.6578524 0.710476 0.6564646 0.6976382
3 0.6410823999999999 0.6469807999999999 0.6443206 0.655655 0.6453616 0.6614378000000001 0.6466338 0.6676832 0.6472122 0.6699963999999999 0.6496408 0.6689554 0.6472122 0.6570427999999999 0.6443206 0.6464025999999999 0.641545 0.644205 0.6410823999999999 0.6469807999999999
3 0.6261626 0.5687024 0.6243122 0.5659266 0.6232712 0.568124 0.6268566 0.5815402 0.6284758 0.5909084 0.6305576 0.5983104 0.63449 0.6164684 0.6362248 0.6227138 0.6381910000000001 0.6323132 0.6406198 0.6351838 0.6381910000000001 0.618992 0.6339116 0.6033876 0.6312515999999999 0.5921736 0.6261626 0.5687024
3 0.6163318 0.5847786 0.6181824 0.5920650000000001 0.618645 0.5872073999999999 0.6165632 0.5801524 0.6151754 0.5788802 0.6163318 0.5847786
3 0.6148284 0.5404614 0.6178353999999999 0.5498296 0.6188764 0.553415 0.6198016 0.5545714 0.6217678 0.5543402000000001 0.6199172 0.544625 0.6164476 0.5338689999999999 0.6125152 0.5325968 0.6148284 0.5404614
3 0.603494 0.49500859999999997 0.599446 0.49385199999999996 0.6090456 0.5219564 0.6098551999999999 0.5221878 0.6107804 0.5166362 0.603494 0.49500859999999997
3 0.5896154 0.44250059999999997 0.5862612 0.427234 0.5831386000000001 0.4186754 0.5802472 0.4187912 0.5818664 0.4243426 0.5868396 0.4443512 0.5959764 0.47916359999999997 0.5988678000000001 0.48066719999999996 0.5986364 0.48043579999999997 0.5977112 0.4736122 0.5896154 0.44250059999999997
3 0.5369292 0.2281378 0.5403722 0.23864800000000003 0.5405534000000001 0.2355674 0.520439 0.1377206 0.5104724 0.0887936 0.5055796 0.0885834 0.5092038 0.09963720000000001 0.5369292 0.2281378
3 0.5704532 0.4030068 0.5766144 0.42022180000000003 0.5853126 0.4441418 0.5998096 0.4754912 0.5965478 0.45954459999999997 0.5822320000000001 0.4312758 0.573715 0.40464120000000003 0.5630236 0.3539058 0.5478018 0.26656179999999996 0.5429092 0.2542396 0.5429092 0.2576826 0.561574 0.354261 0.5704532 0.4030068
6 0.17116499999999998 0.377254 0.1798034 0.3683686 0.16437759999999998 0.363926 0.1689436 0.37602 0.17116499999999998 0.377254